0.000	0.000	0.000	0.000	0.000	0.000	0.000	0.000	0.000	0.000	0.000	0.000	-545243.794	0.314	341142.597	-545243.746	0.314	341144.533	545306.762	0.335	-341236.671	545305.298	0.335	-341236.192
0.000	0.000	0.000	0.000	0.000	0.000	0.000	0.000	0.000	0.000	0.000	0.000	-545519.653	0.262	341161.147	-545518.537	0.262	341163.567	545565.227	0.627	-341241.061	545562.130	0.627	-341240.043
0.000	0.000	0.000	0.000	0.000	0.000	0.000	0.000	0.000	0.000	0.000	0.000	-545911.937	0.124	341183.657	-545910.495	0.124	341186.532	545847.416	0.720	-341246.832	545843.426	0.720	-341245.328
0.000	0.000	0.000	0.000	0.000	0.000	0.000	0.000	0.000	0.000	0.000	0.000	-546480.403	-0.053	341212.699	-546478.719	-0.053	341216.182	546244.067	0.797	-341257.869	546239.099	0.797	-341255.724
0.000	0.000	0.000	0.000	0.000	0.000	0.000	0.000	0.000	0.000	0.000	0.000	-547205.417	-0.269	341247.089	-547203.458	-0.269	341251.346	546750.465	0.903	-341273.715	546744.273	0.903	-341270.756
0.000	0.000	0.000	0.000	0.000	0.000	0.000	0.000	0.000	0.000	0.000	0.000	-548052.529	-0.513	341284.985	-548050.254	-0.513	341290.154	547343.834	1.036	-341293.101	547336.210	1.036	-341289.186
0.000	0.000	0.000	0.000	0.000	0.000	0.000	0.000	0.000	0.000	0.000	0.000	-548985.100	-0.775	341324.563	-548982.474	-0.775	341330.740	547998.454	1.190	-341314.678	547989.250	1.190	-341309.712
0.000	0.000	0.000	0.000	0.000	0.000	0.000	0.000	0.000	0.000	0.000	0.000	-549966.733	-1.046	341364.183	-549963.737	-1.046	341371.424	548688.497	1.357	-341337.187	548677.628	1.357	-341331.114
0.000	0.000	0.000	0.000	0.000	0.000	0.000	0.000	0.000	0.000	0.000	0.000	-550961.829	-1.317	341402.446	-550958.457	-1.317	341410.766	549388.618	1.530	-341359.494	549376.061	1.530	-341352.303
0.000	0.000	0.000	0.000	0.000	0.000	0.000	0.000	0.000	0.000	0.000	0.000	-551935.784	-1.582	341438.214	-551932.041	-1.582	341447.590	550074.124	1.700	-341380.607	550059.918	1.700	-341372.326
0.000	0.000	0.000	0.000	0.000	0.000	0.000	0.000	0.000	0.000	0.000	0.000	-552855.112	-1.831	341470.608	-552851.020	-1.831	341480.979	550721.075	1.861	-341399.680	550705.315	1.861	-341390.377
0.000	0.000	0.000	0.000	0.000	0.000	0.000	0.000	0.000	0.000	0.000	0.000	-553687.555	-2.057	341498.980	-553683.146	-2.057	341510.248	551306.358	2.004	-341415.995	551289.199	2.004	-341405.773
0.000	0.000	0.000	0.000	0.000	0.000	0.000	0.000	0.000	0.000	0.000	0.000	-554402.173	-2.255	341522.871	-554397.493	-2.255	341534.905	551807.771	2.123	-341428.947	551789.416	2.123	-341417.943
0.000	0.000	0.000	0.000	0.000	0.000	0.000	0.000	0.000	0.000	0.000	0.000	-554969.431	-2.416	341541.953	-554964.538	-2.417	341554.588	552204.081	2.210	-341438.009	552184.788	2.210	-341426.394
0.000	0.000	0.000	0.000	0.000	0.000	0.000	0.000	0.000	0.000	0.000	0.000	-555361.275	-2.536	341555.953	-555356.237	-2.536	341568.993	552475.103	2.258	-341442.701	552455.175	2.258	-341430.674
0.000	0.000	0.000	0.000	0.000	0.000	0.000	0.000	0.000	0.000	0.000	0.000	-555551.199	-2.608	341564.574	-555546.097	-2.609	341577.793	552601.755	2.261	-341442.544	552581.543	2.261	-341430.335
0.000	0.000	0.000	0.000	0.000	0.000	0.000	0.000	0.000	0.000	0.000	0.000	-555514.311	-2.628	341567.403	-555509.234	-2.628	341580.550	552566.124	2.214	-341437.016	552546.019	2.214	-341424.880
0.000	0.000	0.000	0.000	0.000	0.000	0.000	0.000	0.000	0.000	0.000	0.000	-555227.379	-2.589	341563.820	-555222.426	-2.589	341576.616	552351.515	2.111	-341425.504	552331.949	2.111	-341413.725
0.000	0.000	0.000	0.000	0.000	0.000	0.000	0.000	0.000	0.000	0.000	0.000	-554668.877	-2.487	341552.909	-554664.154	-2.487	341565.051	551942.505	1.947	-341407.258	551923.946	1.947	-341396.144
0.000	0.000	0.000	0.000	0.000	0.000	0.000	0.000	0.000	0.000	0.000	0.000	-553819.019	-2.317	341533.365	-553814.641	-2.317	341544.527	551324.982	1.718	-341381.346	551307.937	1.718	-341371.232
0.000	0.000	0.000	0.000	0.000	0.000	0.000	0.000	0.000	0.000	0.000	0.000	-552659.783	-2.073	341503.418	-552655.871	-2.073	341513.254	550486.186	1.421	-341346.612	550471.192	1.421	-341337.856
0.000	0.000	0.000	0.000	0.000	0.000	0.000	0.000	0.000	0.000	0.000	0.000	-551174.928	-1.752	341460.765	-551171.607	-1.752	341468.909	549414.737	1.053	-341301.642	549402.361	1.053	-341294.629
0.000	0.000	0.000	0.000	0.000	0.000	0.000	0.000	0.000	0.000	0.000	0.000	-549349.991	-1.348	341402.512	-549347.391	-1.348	341408.579	548100.652	0.612	-341244.736	548091.493	0.612	-341239.876
0.000	0.000	0.000	0.000	0.000	0.000	0.000	0.000	0.000	0.000	0.000	0.000	-547172.285	-0.856	341325.134	-547170.541	-0.856	341328.723	546535.366	0.098	-341173.888	546530.049	0.098	-341171.618
0.000	0.000	0.000	0.000	0.000	0.000	0.000	0.000	0.000	0.000	0.000	0.000	-544630.880	-0.272	341224.456	-544630.128	-0.272	341225.149	544711.731	-0.491	-341086.778	544710.905	-0.491	-341087.560
0.000	0.000	0.000	0.000	0.000	0.000	0.000	0.000	0.000	0.000	0.000	0.000	-541716.577	0.408	341095.640	-541716.955	0.408	341093.006	542624.012	-1.155	-340980.770	542628.354	-1.155	-340985.093
0.000	0.000	0.000	0.000	0.000	0.000	0.000	0.000	0.000	0.000	0.000	0.000	-538421.869	1.189	340933.201	-538423.518	1.189	340926.794	540267.880	-1.891	-340852.922	540278.089	-1.891	-340861.307
0.000	0.000	0.000	0.000	0.000	0.000	0.000	0.000	0.000	0.000	0.000	0.000	-534740.901	2.075	340731.026	-534743.961	2.075	340720.389	537640.387	-2.700	-340700.008	537657.185	-2.700	-340713.003
0.000	0.000	0.000	0.000	0.000	0.000	0.000	0.000	0.000	0.000	0.000	0.000	-530669.422	3.069	340482.418	-530674.036	3.069	340467.080	534739.941	-3.578	-340518.546	534764.074	-3.579	-340536.729
0.000	0.000	0.000	0.000	0.000	0.000	0.000	0.000	0.000	0.000	0.000	0.000	-526204.734	4.174	340180.139	-526211.046	4.174	340159.621	531566.276	-4.524	-340304.833	531598.511	-4.525	-340328.814
0.000	0.000	0.000	0.000	0.000	0.000	0.000	0.000	0.000	0.000	0.000	0.000	-521345.644	5.393	339816.470	-521353.799	5.392	339790.280	528120.412	-5.535	-340054.990	528161.539	-5.536	-340085.411
0.000	0.000	0.000	0.000	0.000	0.000	0.000	0.000	0.000	0.000	0.000	0.000	-516092.416	6.727	339383.269	-516102.561	6.726	339350.908	524404.615	-6.607	-339765.010	524455.448	-6.609	-339802.546
0.000	0.000	0.000	0.000	0.000	0.000	0.000	0.000	0.000	0.000	0.000	0.000	-510446.734	8.177	338872.034	-510459.022	8.175	338832.995	520422.356	-7.738	-339430.810	520483.731	-7.740	-339476.171
0.000	0.000	0.000	0.000	0.000	0.000	0.000	0.000	0.000	0.000	0.000	0.000	-504411.678	9.743	338273.967	-504426.263	9.740	338227.737	516178.269	-8.924	-339048.290	516251.047	-8.927	-339102.217
0.000	0.000	0.000	0.000	0.000	0.000	0.000	0.000	0.000	0.000	0.000	0.000	-497991.706	11.424	337580.034	-498008.750	11.421	337526.095	511678.108	-10.161	-338613.381	511763.175	-10.165	-338676.652
0.000	0.000	0.000	0.000	0.000	0.000	0.000	0.000	0.000	0.000	0.000	0.000	-491192.664	13.219	336781.027	-491212.335	13.215	336718.858	506928.714	-11.446	-338122.109	507026.981	-11.451	-338195.537
0.000	0.000	0.000	0.000	0.000	0.000	0.000	0.000	0.000	0.000	0.000	0.000	-484021.811	15.126	335867.614	-484044.285	15.121	335796.693	501937.978	-12.773	-337570.645	502050.381	-12.780	-337655.078
0.000	0.000	0.000	0.000	0.000	0.000	0.000	0.000	0.000	0.000	0.000	0.000	-476487.864	17.143	334830.405	-476513.328	17.136	334750.213	496714.813	-14.140	-336955.360	496842.317	-14.149	-337051.682
0.000	0.000	0.000	0.000	0.000	0.000	0.000	0.000	0.000	0.000	0.000	0.000	-468601.077	19.265	333660.003	-468629.728	19.256	333570.026	491269.136	-15.541	-336272.877	491412.731	-15.552	-336382.007
0.000	0.000	0.000	0.000	0.000	0.000	0.000	0.000	0.000	0.000	0.000	0.000	-460373.327	21.490	332347.076	-460405.375	21.479	332246.807	485611.854	-16.971	-335520.120	485772.556	-16.985	-335643.014
0.000	0.000	0.000	0.000	0.000	0.000	0.000	0.000	0.000	0.000	0.000	0.000	-451818.237	23.814	330882.424	-451853.903	23.800	330771.372	479754.852	-18.425	-334694.365	479933.701	-18.442	-334832.013
0.000	0.000	0.000	0.000	0.000	0.000	0.000	0.000	0.000	0.000	0.000	0.000	-442951.307	26.233	329257.075	-442990.826	26.216	329134.764	473710.995	-19.898	-333793.288	473909.056	-19.919	-333946.712
0.000	0.000	0.000	0.000	0.000	0.000	0.000	0.000	0.000	0.000	0.000	0.000	-433790.059	28.743	327462.386	-433833.680	28.723	327328.364	467494.135	-21.383	-332815.011	467712.493	-21.408	-332985.266
0.000	0.000	0.000	0.000	0.000	0.000	0.000	0.000	0.000	0.000	0.000	0.000	-424354.198	31.339	325490.182	-424402.178	31.316	325344.024	461119.118	-22.874	-331758.151	461358.875	-22.904	-331946.323
0.000	0.000	0.000	0.000	0.000	0.000	0.000	0.000	0.000	0.000	0.000	0.000	-414665.755	34.019	323332.913	-414718.365	33.992	323174.229	454601.797	-24.363	-330621.874	454864.068	-24.399	-330829.074
0.000	0.000	0.000	0.000	0.000	0.000	0.000	0.000	0.000	0.000	0.000	0.000	-404749.237	36.776	320983.842	-404806.755	36.745	320812.282	447959.048	-25.844	-329405.942	448244.953	-25.887	-329633.307
0.000	0.000	0.000	0.000	0.000	0.000	0.000	0.000	0.000	0.000	0.000	0.000	-394631.743	39.607	318437.277	-394694.453	39.571	318252.539	441208.778	-27.309	-328110.771	441519.438	-27.360	-328359.454
0.000	0.000	0.000	0.000	0.000	0.000	0.000	0.000	0.000	0.000	0.000	0.000	-384343.055	42.507	315688.823	-384411.242	42.465	315490.658	434369.940	-28.751	-326737.486	434706.465	-28.811	-327008.654
0.000	0.000	0.000	0.000	0.000	0.000	0.000	0.000	0.000	0.000	0.000	0.000	-373915.678	45.469	312735.675	-373989.626	45.421	312523.893	427462.531	-30.163	-325287.982	427826.009	-30.232	-325582.806
0.000	0.000	0.000	0.000	0.000	0.000	0.000	0.000	0.000	0.000	0.000	0.000	-363384.836	48.486	309576.933	-363464.820	48.432	309351.410	420507.586	-31.536	-323764.981	420899.072	-31.616	-324084.628
0.000	0.000	0.000	0.000	0.000	0.000	0.000	0.000	0.000	0.000	0.000	0.000	-352788.392	51.550	306213.940	-352874.676	51.489	305974.626	413527.157	-32.866	-322172.095	413947.660	-32.957	-322517.717
0.000	0.000	0.000	0.000	0.000	0.000	0.000	0.000	0.000	0.000	0.000	0.000	-342166.702	54.651	302650.632	-342259.531	54.584	302397.552	406544.281	-34.144	-320513.884	406994.746	-34.249	-320886.601
0.000	0.000	0.000	0.000	0.000	0.000	0.000	0.000	0.000	0.000	0.000	0.000	-331562.391	57.778	298893.883	-331661.985	57.704	298627.146	399582.928	-35.366	-318795.905	400064.220	-35.486	-319196.797
0.000	0.000	0.000	0.000	0.000	0.000	0.000	0.000	0.000	0.000	0.000	0.000	-321020.045	60.917	294953.842	-321126.594	60.836	294673.641	392667.930	-36.528	-317024.768	393180.814	-36.663	-317454.850
0.000	0.000	0.000	0.000	0.000	0.000	0.000	0.000	0.000	0.000	0.000	0.000	-310585.832	64.054	290844.240	-310699.488	63.965	290550.854	385824.889	-37.626	-315208.164	386370.014	-37.778	-315668.373
0.000	0.000	0.000	0.000	0.000	0.000	0.000	0.000	0.000	0.000	0.000	0.000	-300307.041	67.170	286582.638	-300427.913	67.074	286276.435	379080.068	-38.657	-313354.895	379657.941	-38.827	-313846.061
0.000	0.000	0.000	0.000	0.000	0.000	0.000	0.000	0.000	0.000	0.000	0.000	-290231.570	70.249	282190.628	-290359.719	70.145	281872.061	372460.253	-39.620	-311474.877	373071.223	-39.810	-311997.703
0.000	0.000	0.000	0.000	0.000	0.000	0.000	0.000	0.000	0.000	0.000	0.000	-280407.362	73.268	277693.937	-280542.794	73.157	277363.544	365992.605	-40.515	-309579.121	366636.840	-40.725	-310134.158
0.000	0.000	0.000	0.000	0.000	0.000	0.000	0.000	0.000	0.000	0.000	0.000	-270881.814	76.208	273122.441	-271024.480	76.090	272780.835	359704.484	-41.342	-307679.700	360381.952	-41.574	-308267.317
0.000	0.000	0.000	0.000	0.000	0.000	0.000	0.000	0.000	0.000	0.000	0.000	-261701.184	79.048	268510.057	-261850.973	78.923	268157.923	353623.261	-42.102	-305789.677	354333.711	-42.356	-306410.033
0.000	0.000	0.000	0.000	0.000	0.000	0.000	0.000	0.000	0.000	0.000	0.000	-252910.016	81.766	263894.523	-253066.753	81.634	263532.605	347776.121	-42.797	-303923.009	348519.067	-43.075	-304576.026
0.000	0.000	0.000	0.000	0.000	0.000	0.000	0.000	0.000	0.000	0.000	0.000	-244550.602	84.341	259317.036	-244714.051	84.204	258946.129	342189.854	-43.430	-302094.414	342964.557	-43.731	-302779.750
0.000	0.000	0.000	0.000	0.000	0.000	0.000	0.000	0.000	0.000	0.000	0.000	-236662.525	86.756	254821.763	-236832.388	86.614	254442.694	336890.637	-44.002	-300319.219	337696.099	-44.326	-301036.243
0.000	0.000	0.000	0.000	0.000	0.000	0.000	0.000	0.000	0.000	0.000	0.000	-229282.275	88.993	250455.215	-229458.191	88.846	250068.834	331903.830	-44.515	-298613.163	332738.781	-44.863	-299360.929
0.000	0.000	0.000	0.000	0.000	0.000	0.000	0.000	0.000	0.000	0.000	0.000	-222442.976	91.038	246265.508	-222624.530	90.887	245872.669	327253.764	-44.971	-296992.179	328116.660	-45.342	-297769.413
0.000	0.000	0.000	0.000	0.000	0.000	0.000	0.000	0.000	0.000	0.000	0.000	-216174.233	92.879	242301.506	-216360.954	92.725	241903.053	322963.540	-45.371	-295472.155	323852.563	-45.764	-296277.238
0.000	0.000	0.000	0.000	0.000	0.000	0.000	0.000	0.000	0.000	0.000	0.000	-210502.082	94.508	238611.886	-210693.454	94.351	238208.638	319054.852	-45.714	-294068.672	319967.913	-46.130	-294899.636
0.000	0.000	0.000	0.000	0.000	0.000	0.000	0.000	0.000	0.000	0.000	0.000	-205449.075	95.917	235244.132	-205644.537	95.758	234836.874	315547.807	-46.002	-292796.730	316482.557	-46.436	-293651.257
0.000	0.000	0.000	0.000	0.000	0.000	0.000	0.000	0.000	0.000	0.000	0.000	-201034.446	97.102	232243.503	-201233.402	96.943	231832.974	312460.781	-46.230	-291670.471	313414.622	-46.683	-292545.903
0.000	0.000	0.000	0.000	0.000	0.000	0.000	0.000	0.000	0.000	0.000	0.000	-197274.376	98.063	229651.993	-197476.197	97.902	229238.883	309810.277	-46.398	-290702.904	310780.382	-46.866	-291596.259
0.000	0.000	0.000	0.000	0.000	0.000	0.000	0.000	0.000	0.000	0.000	0.000	-194182.304	98.797	227507.327	-194386.337	98.636	227092.277	307610.808	-46.501	-289905.642	308594.143	-46.981	-290813.643
0.000	0.000	0.000	0.000	0.000	0.000	0.000	0.000	0.000	0.000	0.000	0.000	-191769.274	99.304	225842.026	-191974.843	99.143	225425.632	305874.803	-46.535	-289288.655	306868.153	-47.025	-290207.763
0.000	0.000	0.000	0.000	0.000	0.000	0.000	0.000	0.000	0.000	0.000	0.000	-190044.268	99.584	224682.564	-190250.678	99.424	224265.387	304612.515	-46.494	-288860.053	305612.514	-46.990	-289786.511
0.000	0.000	0.000	0.000	0.000	0.000	0.000	0.000	0.000	0.000	0.000	0.000	-189014.502	99.637	224048.661	-189221.048	99.476	223631.244	303831.957	-46.373	-288625.900	304835.120	-46.871	-289555.784
0.000	0.000	0.000	0.000	0.000	0.000	0.000	0.000	0.000	0.000	0.000	0.000	-188685.663	99.459	223952.731	-188891.626	99.299	223535.614	303538.840	-46.165	-288590.072	304541.603	-46.662	-289519.345
0.000	0.000	0.000	0.000	0.000	0.000	0.000	0.000	0.000	0.000	0.000	0.000	-189062.042	99.047	224399.506	-189266.694	98.888	223983.245	303736.533	-45.863	-288754.149	304735.285	-46.356	-289678.726
0.000	0.000	0.000	0.000	0.000	0.000	0.000	0.000	0.000	0.000	0.000	0.000	-190146.565	98.397	225385.849	-190349.174	98.238	224971.039	304426.024	-45.461	-289117.366	305417.149	-45.946	-290033.171
0.000	0.000	0.000	0.000	0.000	0.000	0.000	0.000	0.000	0.000	0.000	0.000	-191940.708	97.502	226900.778	-192140.540	97.344	226488.067	305605.897	-44.952	-289676.608	306585.815	-45.425	-290579.643
0.000	0.000	0.000	0.000	0.000	0.000	0.000	0.000	0.000	0.000	0.000	0.000	-194444.295	96.355	228925.679	-194640.623	96.199	228515.787	307272.323	-44.329	-290426.456	308237.525	-44.788	-291312.858
0.000	0.000	0.000	0.000	0.000	0.000	0.000	0.000	0.000	0.000	0.000	0.000	-197655.203	94.949	231434.724	-197847.308	94.796	231028.454	309419.051	-43.588	-291359.283	310366.145	-44.028	-292225.385
0.000	0.000	0.000	0.000	0.000	0.000	0.000	0.000	0.000	0.000	0.000	0.000	-201568.979	93.279	234395.473	-201756.160	93.128	233993.710	312037.431	-42.721	-292465.398	312963.170	-43.141	-293307.780
0.000	0.000	0.000	0.000	0.000	0.000	0.000	0.000	0.000	0.000	0.000	0.000	-206178.411	91.340	237769.630	-206359.995	91.192	237373.348	315116.436	-41.725	-293733.233	316017.761	-42.122	-294548.766
0.000	0.000	0.000	0.000	0.000	0.000	0.000	0.000	0.000	0.000	0.000	0.000	-211473.083	89.130	241513.946	-211648.432	88.986	241124.193	318642.716	-40.594	-295149.565	319516.781	-40.967	-295935.450
0.000	0.000	0.000	0.000	0.000	0.000	0.000	0.000	0.000	0.000	0.000	0.000	-217438.946	86.650	245581.222	-217607.470	86.511	245199.114	322600.667	-39.326	-296699.776	323444.868	-39.673	-297453.572
0.000	0.000	0.000	0.000	0.000	0.000	0.000	0.000	0.000	0.000	0.000	0.000	-224057.947	83.906	249921.385	-224219.109	83.773	249548.084	326972.524	-37.919	-298368.130	327784.524	-38.238	-299087.768
0.000	0.000	0.000	0.000	0.000	0.000	0.000	0.000	0.000	0.000	0.000	0.000	-231307.740	80.909	254482.602	-231461.069	80.782	254119.294	331738.481	-36.370	-300138.067	332516.226	-36.662	-300821.865
0.000	0.000	0.000	0.000	0.000	0.000	0.000	0.000	0.000	0.000	0.000	0.000	-239161.511	77.672	259212.382	-239306.609	77.552	258860.257	336876.839	-34.679	-301992.506	337618.568	-34.944	-302639.165
0.000	0.000	0.000	0.000	0.000	0.000	0.000	0.000	0.000	0.000	0.000	0.000	-247587.939	74.215	264058.648	-247724.487	74.103	263718.875	342364.169	-32.848	-303914.144	343068.426	-33.086	-304522.738
0.000	0.000	0.000	0.000	0.000	0.000	0.000	0.000	0.000	0.000	0.000	0.000	-256551.295	70.560	268970.735	-256679.055	70.456	268644.435	348175.512	-30.878	-305885.736	348841.145	-31.090	-306455.700
0.000	0.000	0.000	0.000	0.000	0.000	0.000	0.000	0.000	0.000	0.000	0.000	-266011.681	66.733	273900.284	-266130.501	66.639	273588.514	354284.587	-28.773	-307890.370	354910.744	-28.960	-308421.476
0.000	0.000	0.000	0.000	0.000	0.000	0.000	0.000	0.000	0.000	0.000	0.000	-275925.417	62.765	278802.019	-276035.228	62.679	278505.748	360664.022	-26.538	-309911.707	361250.143	-26.701	-310404.036
0.000	0.000	0.000	0.000	0.000	0.000	0.000	0.000	0.000	0.000	0.000	0.000	-286245.532	58.684	283634.380	-286346.349	58.608	283354.473	367285.590	-24.180	-311934.185	367831.396	-24.320	-312388.102
0.000	0.000	0.000	0.000	0.000	0.000	0.000	0.000	0.000	0.000	0.000	0.000	-296922.371	54.522	288360.005	-297014.284	54.455	288097.212	374120.451	-21.706	-313943.204	374625.925	-21.826	-314359.322
0.000	0.000	0.000	0.000	0.000	0.000	0.000	0.000	0.000	0.000	0.000	0.000	-307904.261	50.310	292946.064	-307987.433	50.251	292701.009	381139.395	-19.126	-315925.260	381604.763	-19.227	-316304.407
0.000	0.000	0.000	0.000	0.000	0.000	0.000	0.000	0.000	0.000	0.000	0.000	-319138.228	46.075	297364.440	-319212.882	46.025	297137.615	388313.070	-16.451	-317868.051	388738.780	-16.535	-318211.237
0.000	0.000	0.000	0.000	0.000	0.000	0.000	0.000	0.000	0.000	0.000	0.000	-330570.719	41.846	301591.766	-330637.136	41.804	301383.530	395612.203	-13.694	-319760.541	395998.902	-13.763	-320068.931
0.000	0.000	0.000	0.000	0.000	0.000	0.000	0.000	0.000	0.000	0.000	0.000	-342148.316	37.647	305609.345	-342206.819	37.612	305419.925	403007.799	-10.868	-321593.003	403356.305	-10.923	-321867.880
0.000	0.000	0.000	0.000	0.000	0.000	0.000	0.000	0.000	0.000	0.000	0.000	-353818.394	33.499	309402.949	-353869.340	33.471	309232.441	410471.317	-7.987	-323357.018	410782.598	-8.030	-323599.760
0.000	0.000	0.000	0.000	0.000	0.000	0.000	0.000	0.000	0.000	0.000	0.000	-365529.722	29.421	312962.538	-365573.494	29.399	312810.917	417974.826	-5.066	-325045.463	418249.973	-5.099	-325257.517
0.000	0.000	0.000	0.000	0.000	0.000	0.000	0.000	0.000	0.000	0.000	0.000	-377232.976	25.427	316281.909	-377269.969	25.410	316149.032	425491.128	-2.120	-326652.472	425731.333	-2.145	-326835.329
